                        precision    recall  f1-score   support

    Albumen photograph       0.63      0.64      0.63        50
                Bronze       0.12      0.04      0.06        50
               Ceramic       0.30      0.52      0.38        50
                  Clay       0.31      0.48      0.38        50
             Engraving       0.36      0.30      0.33        50
               Etching       0.45      0.28      0.35        50
               Faience       0.81      0.58      0.67        50
                 Glass       0.20      0.04      0.07        50
                  Gold       0.52      0.64      0.57        50
              Graphite       0.47      0.82      0.59        50
Hand-colored engraving       0.53      0.82      0.64        50
  Hand-colored etching       0.63      0.74      0.68        50
                  Iron       0.31      0.78      0.44        50
                 Ivory       0.43      0.06      0.11        50
             Limestone       0.11      0.06      0.08        50
            Lithograph       0.23      0.28      0.25        50
                Marble       0.36      0.46      0.40        50
         Oil on canvas       0.53      0.36      0.43        50
     Pen and brown ink       0.55      0.34      0.42        50
      Polychromed wood       0.37      0.46      0.41        50
             Porcelain       0.36      0.52      0.42        50
 Silk and metal thread       0.48      0.30      0.37        50
                Silver       0.33      0.44      0.38        50
                 Steel       0.74      0.62      0.67        50
                  Wood       0.33      0.16      0.22        50
        Wood engraving       0.42      0.52      0.46        50
             Woodblock       0.51      0.38      0.44        50
               Woodcut       0.76      0.38      0.51        50
          Woven fabric       0.32      0.24      0.27        50

              accuracy                           0.42      1450
             macro avg       0.43      0.42      0.40      1450
          weighted avg       0.43      0.42      0.40      1450

          weighted avg       0.43      0.42      0.40      1450

[[32  0  0  1  2  0  0  0  0  2  2  0  1  0  1  0  0  0  2  2  0  1  0  0 3  0  1  0  0]
 [ 0  2  4  3  0  0  0  1  0  0  0  0 15  0  0  1  2  0  0  1  5  0 11  1 3  0  0  0  1]
 [ 0  0 26  0  0  0  0  1  2  0  0  0  3  0  4  0  4  1  0  0  5  0  2  0 1  0  1  0  0]
 [ 1  0  2 24  1  0  1  0  1  0  1  0  2  1  7  2  0  0  0  1  0  0  0  0 1  0  1  1  3]
 [ 1  0  0  1 15  6  0  0  0  1  0  3  0  0  0 10  0  0  0  0  0  0  0  1 0 12  0  0  0]
 [ 0  0  1  1 11 14  0  0  0  3  1  1  0  0  0 10  0  0  1  0  0  0  0  1 0  5  0  1  0]
 [ 0  0  5  2  0  0 29  1  1  1  0  0  2  1  0  1  1  0  0  0  2  0  2  0 1  0  0  0  1]
 [ 0  5  5  4  0  0  3  2  4  0  0  0 14  0  0  0  2  0  0  0  3  0  2  2 4  0  0  0  0]
 [ 0  1  3  2  0  0  0  0 32  0  0  0  1  0  0  0  0  0  0  4  4  1  0  0 1  0  1  0  0]
 [ 0  0  0  0  0  1  0  0  0 41  2  0  0  0  0  1  0  0  0  0  0  0  0  4 0  1  0  0  0]
 [ 0  0  1  0  0  0  0  0  1  3 41  2  0  0  0  2  0  0  0  0  0  0  0  0 0  0  0  0  0]
 [ 0  0  0  0  0  0  0  0  0  1  9 37  0  0  0  0  0  0  1  0  0  0  0  0 0  1  1  0  0]
 [ 0  0  2  5  0  1  0  0  0  0  0  0 39  0  0  0  1  0  0  0  1  0  1  0 0  0  0  0  0]
 [ 1  2  6  3  0  0  0  0 11  1  0  0  1  3  3  1  1  0  0  0  4  2  3  0 1  0  1  0  6]
 [ 1  0  2  5  0  0  0  1  0  3  0  0  5  1  3  1 17  0  1  1  3  0  2  0 0  0  2  0  2]
 [ 4  0  4  5  2  3  0  0  0  5  4  5  1  0  0 14  0  0  0  0  0  0  0  0 0  3  0  0  0]
 [ 1  0  2  3  0  0  0  1  0  1  0  0  4  0  2  0 23  1  0  1  6  0  4  0 0  1  0  0  0]
 [ 0  0  1  1  0  0  0  0  0  0  0  0  4  0  0  0  4 18  0 21  0  0  0  0 0  0  1  0  0]
 [ 2  0  0  1  0  1  0  0  0 17  7  2  0  0  0  0  0  0 17  0  0  0  0  0 0  0  1  0  2]
 [ 1  0  4  1  0  0  0  0  0  0  0  1  1  0  0  0  3 12  0 23  1  1  1  0 0  0  0  0  1]
 [ 0  3  0  0  0  0  3  1  1  0  0  0  0  0  2  0  2  0  0  3 26  0  8  1 0  0  0  0  0]
 [ 0  0  6  0  0  0  0  0  1  2  1  1  3  1  1  2  1  0  2  0  1 15  2  0 0  0  3  1  7]
 [ 0  1  0  6  1  1  0  0  1  0  0  0  9  0  0  1  1  0  0  1  4  0 22  1 1  0  0  0  0]
 [ 0  1  0  1  0  0  0  1  0  0  0  0  9  0  0  1  0  0  0  0  1  0  5 31 0  0  0  0  0]
 [ 0  1  9  2  0  0  0  1  6  0  0  0 11  0  1  1  0  1  0  4  2  2  0  0 8  1  0  0  0]
 [ 0  0  0  4  2  3  0  0  0  0  0  1  1  0  0 11  0  0  0  0  0  0  0  0 0 26  0  2  0]
 [ 3  0  1  0  1  1  0  0  0  4  4  1  0  0  0  2  0  1  4  0  5  0  0  0 0  1 19  0  3]
 [ 0  0  0  0  7  0  0  0  0  0  4  3  0  0  0  0  0  0  1  0  0  1  0  0 0 11  4 19  0]
 [ 4  1  4  2  0  0  0  0  1  3  2  2  0  0  3  0  2  0  2  0  0  8  2  0 0  0  1  1 12]]

