    Albumen photograph       0.81      0.50      0.62        50
                Bronze       0.31      0.22      0.26        50
               Ceramic       0.53      0.34      0.41        50
                  Clay       0.36      0.54      0.44        50
             Engraving       0.45      0.34      0.39        50
               Etching       0.25      0.14      0.18        50
               Faience       0.70      0.60      0.65        50
                 Glass       0.27      0.36      0.31        50
                  Gold       0.43      0.62      0.51        50
              Graphite       0.51      0.82      0.63        50
Hand-colored engraving       0.92      0.48      0.63        50
  Hand-colored etching       0.57      0.80      0.67        50
                  Iron       0.45      0.72      0.55        50
                 Ivory       0.19      0.16      0.17        50
             Limestone       0.29      0.24      0.26        50
            Lithograph       0.29      0.42      0.34        50
                Marble       0.31      0.32      0.31        50
         Oil on canvas       0.62      0.26      0.37        50
     Pen and brown ink       0.49      0.52      0.50        50
      Polychromed wood       0.40      0.58      0.48        50
             Porcelain       0.43      0.52      0.47        50
 Silk and metal thread       0.27      0.26      0.27        50
                Silver       0.61      0.22      0.32        50
                 Steel       0.57      0.84      0.68        50
                  Wood       0.43      0.38      0.40        50
        Wood engraving       0.60      0.50      0.54        50
             Woodblock       0.64      0.36      0.46        50
               Woodcut       0.67      0.66      0.67        50
          Woven fabric       0.30      0.34      0.32        50

              accuracy                           0.45      1450
             macro avg       0.47      0.45      0.44      1450
          weighted avg       0.47      0.45      0.44      1450

[[25  0  0  0  1  0  0  0  0  1  0  0  3  0  3  1  1  0  5  1  0  5  1  0  0  0  0  0  3]
 [ 0 11  2  0  0  0  3  8  0  0  0  0  9  0  1  1  1  0  0  0  4  1  0  3  5  0  0  0  1]
 [ 0  1 17  5  0  0  0  5  1  0  0  0  2  4  4  0  2  1  0  1  4  0  0  1  2  0  0  0  0]
 [ 0  0  1 27  1  1  1  0  2  0  0  1  2  2  1  1  0  0  0  3  2  2  0  0  2  0  0  1  0]
 [ 0  0  0  2 17  4  0  0  0  0  0  0  0  0  0  7  0  0  1  0  0  0  0  2  0  8  3  6  0]
 [ 0  0  0  1 10  7  0  0  0  5  0  2  0  0  0 14  0  0  2  0  0  0  0  1  0  3  0  5  0]
 [ 0  0  1  1  0  0 30  8  0  0  1  0  1  2  0  0  3  0  0  0  0  0  0  1  1  0  0  0  1]
 [ 0  4  0  1  0  0  0 18  4  0  0  0  3  4  1  0  2  0  0  0  2  0  0  6  4  0  0  0  1]
 [ 0  1  1  3  0  0  0  5 31  0  0  0  0  1  1  0  1  0  0  2  2  2  0  0  0  0  0  0  0]
 [ 0  0  0  0  0  1  0  1  0 41  0  0  0  0  0  1  0  0  0  0  0  0  0  4  0  1  0  0  1]
 [ 0  0  0  0  0  1  0  0  0  5 24  6  0  1  0  2  0  0  7  0  0  1  0  0  0  0  3  0  0]
 [ 0  0  0  0  0  2  0  0  0  0  0 40  0  0  0  0  0  0  4  0  0  2  0  0  0  0  1  0  1]
 [ 0  3  0  2  0  0  0  1  0  0  0  0 36  0  0  0  2  0  0  0  1  0  0  3  2  0  0  0  0]
 [ 0  0  0  2  0  0  0  5 18  1  0  0  1  8  2  0  1  0  0  2  2  0  1  1  1  0  0  0  5]
 [ 0  2  3  2  0  0  0  0  1  3  0  0  2  1 12  2  9  1  1  1  2  1  1  2  0  0  0  0  4]
 [ 3  0  0  3  1  3  0  0  0  5  0  4  0  1  0 21  0  0  0  0  0  3  0  0  0  3  1  0  2]
 [ 1  1  2  6  0  0  0  2  0  1  0  0  0  2 13  2 16  1  0  1  0  0  2  0  0  0  0  0  0]
 [ 0  4  1  1  0  0  1  0  1  0  0  0  0  0  0  0  3 13  0 24  1  0  0  0  1  0  0  0  0]
 [ 0  0  0  2  0  2  0  0  0 13  0  0  0  0  0  0  0  0 26  0  0  2  0  0  0  0  0  0  5]
 [ 1  0  2  2  0  0  0  1  2  0  0  0  1  0  0  0  5  3  0 29  1  0  0  0  2  0  1  0  0]
 [ 0  0  0  3  0  0  6  7  2  0  0  0  0  0  0  0  3  0  0  1 26  0  1  0  0  0  0  0  1]
 [ 0  1  0  2  1  0  1  0  1  1  0  4  2  3  0  3  0  0  2  1  2 13  0  0  3  0  0  0 10]
 [ 0  4  0  2  0  2  0  3  1  0  0  0 10  1  1  2  1  0  0  1  4  0 11  6  1  0  0  0  0]
 [ 0  1  0  0  0  0  0  2  0  0  0  0  3  1  0  0  0  0  0  0  0  0  1 42  0  0  0  0  0]
 [ 0  3  2  1  0  0  0  0  6  0  0  0  4  3  1  2  0  1  0  5  2  0  0  1 19  0  0  0  0]
 [ 0  0  0  4  4  2  0  0  0  2  0  0  0  0  0  8  0  0  1  0  0  0  0  0  0 25  0  4  0]
 [ 0  0  0  1  1  2  1  0  0  2  1  2  1  1  1  3  0  1  2  0  2  7  0  0  0  0 18  0  4]
 [ 0  0  0  0  2  1  0  0  0  0  0  7  0  0  0  2  0  0  1  0  0  1  0  0  0  2  1 33  0]
 [ 1  0  0  1  0  0  0  0  2  1  0  4  0  7  0  0  2  0  1  0  4  8  0  1  1  0  0  0 17]]
